1. Edges in graph: 2427

2. Insulators: 
-  12	| 84 114 181 213 228 257 299 395 438 465 498 700 

3. Max degree of vertex is: 12
-  224	| 154 298 448 565 587 610 705 787 937 948 956 979 
-  712	| 39 58 131 195 326 372 405 495 526 553 727 900 

4. Diameter of the biggest component: 9

5. Path: [455 : 521]
-  4	| 455 223 13 478 521 

6. Path: [311 : 638]
-  5	| 311 63 189 862 977 638 

7. Path: [406 : 681]
-  5	| 406 26 459 869 932 681 

8. Edges in graph(2): 2871

9. Insulators(2): 
-  77	| 0 13 17 26 34 51 68 84 85 102 114 119 136 153 170 181 187 204 213 221 224 228 238 255 257 272 289 299 306 323 340 357 374 391 395 408 425 438 442 459 465 476 478 493 498 510 527 544 561 578 595 612 629 646 663 680 697 700 714 731 748 765 782 799 816 833 850 862 867 884 901 918 932 935 952 969 986 

10. Max degree of vertex is(2): 25
-  948	| 92 106 135 154 165 298 308 406 448 461 489 565 581 587 602 610 638 705 787 869 877 937 956 965 979 

11. Diameter of the biggest component(2): 8

12. Path: [455 : 521]
-  2	| 455 223 521 

13. Path: [311 : 638]
-  4	| 311 1 554 135 638 

14. Path: [406 : 681]
-  2	| 406 869 681 
