0 127
0 733
0 805
1 179
1 311
1 404
1 717
1 719
1 731
2 36
2 193
2 245
2 590
3 732
3 919
3 967
4 147
4 209
4 260
5 197
5 312
5 415
5 576
5 650
5 656
5 866
5 953
5 996
6 12
6 334
6 970
7 23
7 584
7 930
7 986
8 141
8 303
8 304
8 484
8 497
8 547
8 586
8 745
8 754
8 945
9 25
9 134
9 324
9 326
9 649
9 916
10 22
10 44
10 103
10 591
10 961
11 847
12 33
12 291
12 663
12 845
12 958
13 177
13 223
13 478
13 577
13 655
14 211
14 789
14 865
15 831
16 389
16 654
17 166
17 201
17 247
17 388
17 690
17 815
17 980
18 86
18 278
18 334
18 605
18 658
18 676
19 616
19 737
19 776
20 193
20 355
20 993
21 66
21 223
21 371
21 432
21 479
21 594
21 634
21 853
22 364
22 558
22 611
22 824
22 858
22 987
23 193
23 368
23 461
23 594
23 647
23 713
23 856
24 99
24 113
24 125
24 536
24 915
24 939
24 984
25 279
25 435
25 548
25 931
26 92
26 135
26 406
26 459
26 461
26 489
27 43
27 370
28 807
28 897
28 915
28 918
29 160
29 210
29 269
29 288
29 474
30 191
30 343
30 500
30 719
31 136
31 623
31 723
31 779
32 492
32 591
32 842
32 923
33 286
33 337
33 412
33 464
33 735
33 968
34 195
34 246
34 530
35 169
35 207
35 501
35 532
35 541
36 226
36 449
36 548
36 997
37 171
37 366
37 481
37 505
37 517
37 707
37 980
38 483
38 774
38 843
39 171
39 271
39 493
39 712
39 830
40 175
40 403
40 529
40 539
40 779
41 66
41 226
41 479
41 497
41 637
41 858
42 89
42 894
42 960
43 97
43 222
43 612
43 613
44 403
44 743
44 975
45 259
45 363
45 377
46 758
46 812
46 845
47 183
47 191
47 625
47 694
47 728
47 947
48 475
48 660
48 737
49 343
49 379
49 667
49 748
49 769
50 111
50 119
50 472
50 756
51 550
51 837
52 58
52 134
52 278
52 536
52 847
53 534
53 749
53 821
53 944
54 381
54 445
54 584
54 608
54 624
54 639
54 647
54 673
54 790
54 812
55 637
55 662
55 719
55 794
56 707
57 198
57 298
57 728
57 938
57 995
58 464
58 712
59 81
59 566
60 204
60 377
60 650
60 819
60 920
60 984
61 212
61 250
61 354
61 625
61 799
62 259
62 288
62 620
62 706
63 189
63 311
63 495
63 910
63 914
64 90
64 229
64 446
64 543
64 595
64 677
64 849
64 987
65 115
65 429
65 505
65 512
66 117
66 359
66 466
66 511
66 647
66 752
66 767
66 949
66 967
67 275
67 910
68 584
69 221
69 576
69 788
70 286
70 449
70 477
71 330
71 351
71 456
72 144
72 258
72 394
72 445
72 513
72 529
72 707
72 788
73 170
73 589
73 610
73 849
73 879
73 953
74 878
75 251
75 421
76 132
76 366
76 505
76 573
76 743
76 838
76 876
77 341
77 839
78 145
78 195
78 516
78 959
78 965
79 468
79 622
79 659
79 967
80 99
80 108
80 315
80 947
81 217
81 292
81 825
82 137
82 162
82 225
82 398
82 488
82 710
82 787
83 151
83 238
83 544
85 124
85 140
85 353
85 435
85 738
85 850
85 853
86 176
86 323
86 332
86 517
86 658
86 817
86 898
86 914
86 926
86 953
87 442
87 773
87 941
88 589
88 643
88 783
88 975
89 513
89 560
90 349
90 410
90 425
90 432
90 512
90 580
91 229
91 255
91 633
91 810
91 870
92 376
92 656
93 321
93 542
93 578
93 660
93 817
94 319
94 422
94 634
95 315
95 410
95 439
95 857
95 916
96 221
96 449
97 241
97 318
97 495
97 667
97 949
98 353
98 382
98 530
98 736
98 740
98 886
99 262
99 451
99 524
99 768
100 176
100 335
100 505
100 525
100 752
100 854
101 236
101 448
101 577
101 716
101 894
102 193
102 357
102 374
102 795
103 342
103 467
103 522
103 579
104 450
104 563
104 758
104 834
105 240
105 258
105 373
105 758
105 992
106 264
106 408
106 561
106 661
106 909
106 948
107 342
107 760
108 141
108 149
108 366
108 659
108 802
109 504
109 555
109 658
109 789
110 138
110 269
110 444
110 716
110 727
110 914
110 980
111 196
111 280
111 499
111 586
111 621
111 691
111 871
112 262
112 316
112 816
113 301
113 514
115 145
115 174
115 373
116 413
116 437
116 784
116 846
117 263
117 403
117 581
117 839
117 979
118 287
118 414
118 601
119 180
119 290
119 984
120 123
120 295
120 505
120 692
120 751
121 710
121 997
122 141
122 189
122 331
122 404
122 708
123 823
123 874
124 152
124 372
124 394
124 538
125 346
125 360
125 386
125 612
125 779
125 999
126 127
126 146
126 405
126 477
126 980
127 154
127 157
127 218
127 461
128 178
128 281
128 666
128 834
128 987
129 449
129 671
130 287
130 662
130 701
130 734
130 751
130 878
130 991
131 360
131 482
131 712
131 820
132 282
132 287
132 544
132 812
132 822
132 912
132 945
132 952
133 227
133 322
133 342
133 500
133 577
133 666
133 709
133 982
134 212
134 847
135 312
135 386
135 554
135 581
135 927
135 988
136 168
136 635
136 723
136 743
136 771
136 777
136 859
136 898
137 227
137 303
137 357
137 495
137 903
137 982
138 655
139 156
139 272
139 296
139 650
139 831
139 886
139 892
139 962
140 165
140 198
140 292
140 432
140 600
140 716
141 202
141 207
141 288
141 440
141 627
142 203
142 307
142 309
142 599
142 747
142 771
142 885
143 163
143 350
144 218
144 328
144 414
144 788
144 797
144 840
145 326
145 494
146 565
146 777
146 791
146 873
146 892
147 336
147 368
147 526
147 852
147 889
148 308
148 461
148 530
148 580
148 627
148 694
148 983
149 196
149 472
149 516
149 551
149 894
150 282
150 312
150 690
151 798
151 958
151 969
152 552
152 589
153 222
154 224
154 632
154 764
155 293
155 714
155 771
156 195
156 581
156 767
157 489
157 649
158 658
158 707
158 723
159 463
159 796
159 836
160 166
160 458
160 581
160 657
161 293
161 581
161 695
161 800
161 863
161 951
162 703
162 802
163 400
163 691
163 906
163 954
163 979
163 997
164 276
164 316
164 678
164 842
164 861
164 967
165 352
165 367
165 693
165 764
165 948
166 223
166 510
166 714
167 521
167 762
168 202
168 371
168 406
169 275
169 415
170 555
170 586
170 634
170 834
170 982
171 316
171 347
171 409
171 432
171 968
172 343
172 666
172 703
172 837
172 862
172 986
173 278
173 306
173 349
173 710
174 211
174 479
174 561
175 310
175 884
175 905
175 934
175 956
176 629
176 973
177 293
177 304
177 337
177 352
177 716
177 745
177 877
178 261
178 668
178 787
179 219
179 320
179 480
179 537
179 568
179 570
179 640
179 675
179 828
179 940
180 402
180 656
180 786
182 529
182 606
182 959
183 286
183 314
183 600
183 722
184 501
184 559
184 574
184 877
185 227
185 448
185 554
185 912
185 946
186 561
186 803
186 878
187 316
187 414
187 657
187 784
188 304
188 781
188 942
189 326
189 673
189 769
189 862
189 885
189 994
190 369
190 581
190 645
191 410
191 535
191 904
192 195
192 472
192 694
192 964
193 373
193 568
193 743
194 214
194 234
194 468
194 908
194 927
195 304
195 712
195 714
195 746
195 820
196 365
196 389
196 392
196 664
196 667
196 789
196 868
197 199
197 767
197 941
198 256
198 373
198 482
198 577
199 301
199 618
199 828
199 947
200 232
200 268
200 377
200 509
200 756
200 771
200 772
200 923
201 447
201 690
201 707
201 735
202 495
202 711
203 243
203 769
204 696
204 706
204 707
204 794
204 940
205 244
205 576
205 772
206 225
206 431
206 528
206 561
206 886
207 266
207 470
207 487
207 488
207 893
207 984
207 999
208 233
208 611
208 692
208 804
208 925
209 664
209 675
209 708
209 898
209 974
210 399
210 491
210 650
211 249
211 282
211 312
211 400
211 412
211 763
212 325
212 333
214 389
214 822
215 473
215 509
215 517
215 551
215 664
215 710
216 786
217 646
218 680
218 709
218 854
218 984
220 276
220 333
220 439
220 445
220 487
220 681
220 694
220 952
221 787
221 809
221 822
222 773
222 893
223 455
223 902
223 942
224 298
224 448
224 565
224 587
224 610
224 705
224 787
224 937
224 948
224 956
224 979
225 392
225 448
225 515
225 933
226 313
226 367
226 386
226 652
226 767
226 870
227 368
227 369
227 437
227 609
227 632
227 832
229 513
229 827
230 487
230 658
231 322
231 356
231 979
232 404
232 546
232 553
232 602
232 824
232 895
233 663
233 935
233 975
234 253
234 560
234 701
235 253
235 403
235 422
235 485
235 708
236 655
236 994
237 264
237 517
237 552
237 585
237 718
237 741
237 920
238 600
238 902
238 972
239 656
239 946
240 576
240 584
240 825
241 296
241 439
241 500
241 763
242 617
242 651
243 275
243 308
243 388
243 489
243 724
243 806
243 886
244 542
244 576
244 601
245 406
245 630
245 878
246 344
246 367
246 483
246 783
246 843
246 916
247 351
247 381
247 445
247 473
247 606
247 643
247 884
247 960
248 256
248 768
248 983
249 516
249 657
249 944
250 402
250 752
250 855
251 900
252 468
252 623
252 746
252 961
253 601
253 671
253 766
253 875
254 258
254 310
254 425
254 685
254 786
254 890
255 434
255 515
255 848
255 928
256 275
256 390
256 590
256 654
256 807
258 320
258 361
258 793
258 855
259 610
260 306
260 630
260 693
260 995
261 280
261 402
261 409
261 483
261 651
261 653
261 805
261 916
262 766
263 430
263 921
264 416
264 584
264 983
265 301
265 375
265 421
265 470
265 581
265 636
266 741
266 860
267 460
267 688
267 958
268 365
268 463
268 602
268 834
268 858
268 860
269 282
269 293
269 547
269 688
270 668
271 383
271 600
271 668
271 957
272 289
272 414
272 912
273 312
273 650
274 449
274 705
274 745
274 806
275 352
275 478
275 765
275 776
275 785
277 355
277 376
277 393
277 558
277 603
277 642
277 789
277 957
278 306
278 575
278 926
279 680
279 690
280 400
280 404
280 425
280 831
281 472
281 664
281 691
281 724
281 808
281 934
282 367
282 840
283 614
283 673
283 884
284 528
284 678
284 888
284 973
284 994
285 561
285 816
285 901
285 998
286 671
286 683
286 888
286 935
287 456
287 511
287 561
287 681
287 844
287 908
288 473
288 533
289 689
289 813
290 730
291 685
291 939
291 960
291 987
292 316
292 449
292 577
292 959
293 594
294 344
294 490
294 684
295 477
295 627
295 674
296 334
296 420
296 439
297 567
297 607
297 969
297 997
298 331
298 566
298 568
298 572
300 320
301 613
301 666
301 964
302 734
302 971
303 528
303 796
304 365
304 475
304 684
304 906
305 365
305 546
305 978
306 673
307 695
307 901
308 370
308 459
308 499
308 570
308 636
309 464
309 494
309 747
309 914
309 926
310 356
310 380
310 695
311 694
311 759
311 849
311 957
312 345
312 524
312 809
312 912
312 938
312 980
313 576
314 359
314 851
315 373
315 597
315 711
316 443
316 789
316 802
316 869
316 986
317 617
317 639
317 812
317 989
318 414
318 556
318 733
318 781
318 849
318 902
318 975
319 486
319 783
319 950
320 548
320 729
321 408
321 627
321 781
322 478
322 701
322 987
323 420
323 788
323 889
324 356
324 423
324 521
324 984
326 358
326 401
326 712
326 769
326 984
327 452
327 456
327 525
327 606
327 767
327 855
328 424
328 565
328 664
328 725
328 861
329 608
329 678
329 800
330 357
330 483
330 850
330 909
331 519
331 640
331 740
331 823
332 817
332 957
332 999
333 511
333 995
334 515
334 540
334 653
334 925
335 673
335 797
336 525
337 833
338 735
338 755
339 411
339 496
339 699
340 403
340 539
340 649
340 802
341 468
341 475
341 545
341 667
341 881
341 953
342 400
342 708
342 734
343 615
343 647
343 660
343 932
343 944
344 520
344 849
344 892
345 483
345 627
345 669
345 949
347 407
347 543
347 565
347 621
347 971
347 979
348 540
348 682
348 842
349 778
349 854
350 355
350 356
350 585
350 599
350 693
350 695
350 848
350 942
351 407
351 670
351 772
351 865
352 543
352 602
352 926
353 388
353 763
354 711
354 830
355 486
355 555
355 581
356 363
356 615
356 655
356 656
356 775
356 838
357 979
358 370
358 387
358 391
358 400
358 659
358 697
358 770
358 911
360 484
360 604
360 777
361 445
361 763
362 365
362 368
362 377
362 557
362 997
363 524
363 537
363 604
363 664
363 778
363 850
363 917
363 947
364 615
364 650
367 751
367 857
367 937
368 388
368 492
368 556
369 376
369 427
369 566
370 533
370 568
370 601
370 613
371 387
371 522
371 938
371 950
372 435
372 449
372 712
372 782
372 927
375 384
375 423
375 493
375 877
375 895
376 582
377 416
377 701
377 997
378 557
378 688
378 746
378 872
379 388
379 878
379 902
380 391
380 745
380 801
380 904
381 778
381 826
382 539
383 586
383 650
383 687
383 696
383 698
383 718
383 950
384 495
384 598
384 680
384 763
384 877
385 419
385 952
386 428
386 736
386 873
387 391
387 443
387 604
387 740
388 841
389 443
390 496
390 631
390 709
390 752
390 774
391 699
391 880
392 559
393 677
394 425
394 580
396 507
396 688
396 819
397 755
397 858
397 954
398 471
398 473
398 688
398 704
399 707
399 915
399 974
400 728
401 625
401 777
401 779
401 809
401 873
401 969
402 421
402 442
403 440
403 447
403 674
403 759
403 778
404 441
404 511
404 643
404 971
405 501
405 600
405 712
405 751
405 884
406 444
406 591
406 895
407 695
407 981
408 486
408 542
408 945
409 703
409 730
410 599
410 725
411 476
411 620
411 659
411 946
412 445
412 556
412 699
412 742
413 489
413 963
414 604
414 687
414 733
415 691
416 597
417 620
417 715
417 786
417 980
418 616
418 683
418 715
419 812
420 436
420 573
420 937
421 484
421 641
421 805
422 489
422 596
422 654
423 513
423 887
423 928
423 971
424 462
424 494
424 515
424 549
424 644
424 661
424 745
424 925
424 947
425 701
426 553
426 554
426 593
426 772
427 434
427 984
427 988
428 807
428 850
428 891
429 597
429 746
430 643
430 694
430 850
430 952
431 682
431 789
431 906
431 949
432 713
432 868
433 724
433 757
433 799
433 952
434 489
435 486
436 562
436 722
436 733
436 769
437 464
437 621
437 849
439 763
439 804
439 963
439 983
440 677
440 783
441 541
441 704
442 898
442 933
443 531
443 843
443 997
444 611
444 701
444 937
445 471
445 493
445 797
445 930
446 478
446 523
446 655
446 802
446 890
447 649
447 815
448 481
448 554
448 673
448 698
448 784
448 959
449 717
449 813
449 993
450 574
450 748
450 898
451 460
451 466
451 536
451 611
451 843
452 575
452 674
452 897
453 523
453 555
453 687
453 734
453 965
454 639
454 652
454 819
455 578
455 629
455 931
456 544
456 959
457 658
457 823
458 507
458 750
458 793
458 955
459 581
459 638
459 869
459 948
460 858
461 905
461 977
462 833
462 929
462 958
463 562
463 606
463 803
464 528
464 787
464 967
466 537
466 751
466 893
467 659
468 828
468 853
468 944
469 599
470 496
470 497
470 663
470 702
470 981
471 564
471 575
472 510
473 543
474 539
474 554
474 642
474 854
475 551
475 682
475 689
475 764
475 770
475 902
476 758
477 744
478 521
478 771
478 904
479 658
479 691
479 798
480 514
480 838
481 888
482 615
482 650
482 727
482 838
482 909
483 668
483 866
484 864
484 941
485 565
485 701
485 736
486 525
486 747
486 969
487 762
488 614
488 678
488 830
488 961
488 966
488 973
489 606
489 846
490 631
490 673
491 667
491 978
492 569
492 675
492 810
492 883
492 978
493 583
493 908
494 810
494 819
495 612
495 710
495 712
495 897
495 939
495 953
496 588
496 601
496 765
496 865
496 937
497 676
497 785
497 979
499 531
499 947
500 546
500 631
500 690
501 502
501 623
501 625
501 791
502 593
503 767
503 918
503 922
504 580
504 891
505 578
505 585
505 586
505 662
505 797
506 564
506 584
506 655
507 550
507 732
508 801
508 815
508 831
508 932
509 564
509 619
509 691
509 708
509 789
509 803
509 827
509 914
510 806
510 876
511 525
511 545
511 552
511 661
511 936
512 785
512 901
513 727
513 854
513 928
514 583
514 656
514 806
514 833
514 876
516 715
517 538
517 544
517 762
518 695
519 598
519 600
520 696
520 794
521 753
521 914
521 918
521 941
522 820
523 823
523 824
524 769
524 877
525 569
525 685
525 727
526 655
526 712
526 995
527 585
527 743
527 831
527 972
527 990
528 951
530 846
530 921
530 964
531 678
531 846
532 840
533 549
534 567
534 726
534 753
535 595
535 816
535 923
535 999
536 565
536 619
536 839
537 996
538 554
538 564
538 704
540 663
541 691
541 838
542 614
542 646
542 819
542 838
542 964
543 686
543 968
543 990
544 545
545 547
545 599
547 677
547 686
548 785
548 999
549 673
549 675
549 851
549 880
549 883
550 710
550 800
551 844
552 742
552 962
553 559
553 712
553 839
553 962
554 616
554 731
554 741
555 771
556 622
556 687
556 780
556 858
556 870
556 924
558 634
558 662
558 688
558 961
559 763
560 648
560 710
561 589
561 762
561 855
561 861
563 840
564 708
564 981
565 655
566 921
567 621
568 679
568 947
569 640
569 787
570 732
570 899
571 733
571 797
572 777
574 624
574 709
574 999
575 987
576 592
576 689
576 758
577 589
577 609
577 663
577 828
577 961
579 797
579 875
580 710
580 757
581 806
581 853
582 684
582 827
583 669
583 903
583 975
584 622
585 619
587 798
588 592
588 600
588 606
588 815
588 875
589 933
590 621
590 660
591 637
592 665
592 814
593 798
593 854
593 908
594 648
594 741
594 846
595 968
597 606
599 750
600 977
601 657
601 733
601 806
602 713
602 948
602 988
603 899
605 629
605 759
605 912
605 991
606 732
606 797
606 826
607 613
608 773
608 881
609 897
609 963
610 940
611 705
611 873
611 939
612 639
612 732
614 734
614 770
615 933
616 676
616 891
616 894
616 915
617 776
619 836
619 838
620 952
621 920
621 925
622 629
622 834
623 708
623 789
624 996
626 639
626 691
627 679
627 806
627 818
628 708
629 890
630 689
631 775
631 804
631 935
631 957
632 943
633 947
633 977
634 807
634 901
635 847
636 701
636 739
636 785
637 749
637 770
638 765
638 977
639 821
639 875
640 856
641 780
641 955
642 762
643 702
644 823
644 937
644 946
644 950
645 855
645 889
645 928
646 667
646 679
647 864
647 890
647 898
647 968
648 956
650 796
651 738
653 682
653 742
654 680
654 683
655 693
655 767
655 998
657 781
657 991
658 874
659 708
660 797
660 814
660 957
661 735
661 986
664 971
666 691
667 753
667 779
667 844
668 964
668 966
669 674
669 746
669 774
669 825
669 955
670 875
671 679
671 811
671 823
671 869
672 746
672 891
672 907
673 794
673 864
674 996
676 682
676 876
676 894
677 733
679 681
679 840
679 958
680 694
680 766
681 724
681 932
682 804
684 888
684 975
685 861
686 942
687 720
687 939
689 703
690 754
690 951
692 758
693 845
694 735
695 921
696 899
697 839
697 943
698 846
701 810
702 711
702 782
703 861
704 819
704 891
705 932
706 869
707 733
707 791
710 725
710 955
711 870
711 913
711 920
712 727
712 900
714 758
714 850
716 923
716 994
719 735
720 733
720 873
721 848
722 940
722 960
723 729
724 916
725 887
726 844
727 869
727 899
728 859
729 806
729 907
729 958
732 835
732 976
733 868
734 966
734 988
737 756
737 934
739 804
739 849
739 862
740 895
741 867
741 875
742 834
743 754
744 912
746 825
747 752
747 977
748 953
748 990
750 851
750 974
752 923
752 987
754 994
756 829
756 952
756 974
759 890
760 801
760 995
761 820
763 788
763 845
764 861
765 902
765 967
767 768
767 910
768 875
768 985
769 868
769 869
769 876
770 954
771 831
772 939
772 992
773 923
774 896
775 808
775 916
776 914
776 977
777 798
777 986
779 882
779 893
780 991
781 916
781 964
781 987
781 996
782 958
782 994
783 886
783 923
784 841
784 858
784 859
785 792
785 855
785 978
786 977
788 931
790 967
791 861
791 887
791 945
791 957
792 847
792 852
792 861
795 803
799 924
799 992
800 855
801 816
801 880
801 908
803 906
803 937
804 990
807 864
807 960
809 897
810 932
811 852
811 972
812 842
815 980
819 821
819 874
823 869
823 968
825 964
827 927
827 950
827 956
827 999
828 831
829 902
829 954
829 958
834 853
834 977
839 949
839 982
842 871
844 871
845 853
845 859
846 909
846 923
846 937
847 957
849 874
852 876
852 922
852 957
853 984
854 933
858 898
859 943
859 954
860 867
861 883
862 977
864 954
865 869
865 974
866 964
866 996
867 932
867 992
869 932
870 977
871 926
871 937
872 905
877 933
877 948
877 957
878 995
879 925
881 990
892 947
897 937
898 910
898 941
900 922
900 993
902 930
905 987
906 945
909 958
909 975
912 978
914 927
916 973
922 966
922 976
923 936
923 977
925 933
927 941
931 971
933 966
938 987
939 971
940 959
948 965
952 993
955 968
958 968
958 985
970 998
982 986
992 998
